0000000000000000000000010101010101010101010101000000000000000000000000000000000000000000000000000000
0000000000000000000000010101010101010101010101000000000000000000000000000000000000000000000000000000
0000000000000000000000010100000000000001010101000000000000000000000000000000000000000000000000000000
0000000000000000000000010100000000001501010101000000000000000000000000000000000000000000000000000000
0000000000000000000000000000000000000001010101000000000000000000000000000000000000000000000000000000
0000000000000000000000000000000000000000000001000000000000000000000000000000000000000000000000000000
0000000000000000000000000000000000000000000001000000000000000000000000000000000000000000000000000000
0000000000000000000000000000000000000000000001000000000000000000000000000000000000000000000000000000
0000000000000000000000000000000000000000000001000000000000000000000000000000000000000000000000000000
0000000000000000000000000000000000000000000001000000000000000000000000000000000000000000000000000000
0000000000000000000000000000000000000000000801000000000000000000000000000000000000000000000000000000
0000000000000000000000000000000000000000000001000000000000000000000000000000000000000000000000000000
0000000000000000000000000000000000000000000001000000000000000000000000000000000000000000000000000000
0000000000000000000000000000000000000001010009000000000000000000000000000000000000000000000000000000
0000000000000000000000000000000000000001010010000000000000000000000000000000000000000000000000000000
0000000000000000000000000000000000000701010009000000000000000000000000000000000000000000000000000000
0000000000000000000000000000000000000001010010000000000000000000000000000000000000000000000000000000
0000000000000000000000000000000000000000000009000000000000000000000000000000000000000000000000000000
0000000000000000000000000000000000000000000010000000000000000000000000000000000000000000000000000000
0000000000000000000000000000000000000000000009000000000000000000000000000000000000000000000000000000
0000000000000000000000000000000000000101000010000000000000000000000000000000000000000000000000000000
0000000000000000000000000000000000000501000009000000000000000000000000000000000000000000000000000000
0000000000000000000000000000000000000000000010000000000000000000000000000000000000000000000000000000
0000000000000000000000000000000000000000000009000000000000000000000000000000000000000000000000000000
0000000000000000000000000000000000000101000010000000000000000000000000000000000000000000000000000000
0000000000000000000000000000000000000501160009000000000000000000000000000000000000000000000000000000
0000000000020000000000000000000000000000000010000000000000000000000000000000000000000000000000000000
0000000000010000000000000000000000000501000009000000000000000000000000000000000000000000000000000000
0000000000010101010101010100000000000101000010000000000000000000000000000000000000000000000000000000
0000000000010101010101010100000000000101000009000000000000000000000000000000000000000000000000000000
0000000000010101010101010100000000000000000010000000000000000000000000000000000000000000000000000000
0000000000181818181818180100000000010101010101000000000000000000000000000000000000000000000000000000
0000000000000000000000000100000000010101010101000000000000000000000000000000000000000000000000000000
0000000000000000000000000100000000090000000000000000000000000000000000000000000000000000000000000000
0000000000010404040400000100000000100000000000000000000000000000000000000000000000000000000000000000
0000000000010101010100000000000000011700000000000000000000000000000000000000000000000000000000000000
0000000000010101010100000000000000011700000000000000000000000000000000000000000000000000000000000000
0000000000000000010100000000010100090000000000000000000000000000000000000000000000000000000000000000
0000000000000000010100000000010100100000000000000000000000000000000000000000000000000000000000000000
0000000000000000010100000000010100090000000000000000000000000000000000000000000000000000000000000000
0000000000000000010100000000010100100000000000000000000000000000000000000000000000000000000000000000
0000000000000000010100000000050100090000000000000000000000000000000000000000000000000000000000000000
0000000000000000010100000000050100100000000000000000000000000000000000000000000000000000000000000000
0000000000000007010100000000050100090000000000000000000000000000000000000000000000000000000000000000
0000000000000000010100000000050100100000000000000000000000000000000000000000000000000000000000000000
0000000000000000010100000000050101010000000000000000000000000000000000000000000000000000000000000000
0000000000000000050100000000050100000000000000000000000000000000000000000000000000000000000000000000
0000000000000000050100000000050100000000000000000000000000000000000000000000000000000000000000000000
0000000000000000010100000000050100000000010000000000000000000000000000000000000000000000000000000000
0000000000000000010100000000050100000000010000000000000000000000000000000000000000000000000000000000
0000000000000000010117000016010101010101010000000000000000000000000000000000000000000000000000000000
0000000000000000010101010101010101010101010100000000000000000000000000000000000000000000000000000000
0000000000000000010119191919191818181818180100000000000000000000000000000000000000000000000000000000
0000000000000000010101010101000000000000000100000000000000000000000000000000000000000000000000000000
0000000000000000010101010101000000000000000100000000000000000000000000000000000000000000000000000000
0000000000000000000000030101000000000000000100000000000000000000000000000000000000000000000000000000
0000000000000000000000000101000000000000000100000000000000000000000000000000000000000000000000000000
0000000000000000000000000101000000000000000100000000000000000000000000000000000000000000000000000000
0000000000000000000000000101000000010100000100000000000000000000000000000000000000000000000000000000
0000000000000000000000000000000000010100000100000000000000000000000000000000000000000000000000000000
0000000000000000000000000501000000010100000100000000000000000000000000000000000000000000000000000000
0000000000000000000000000501000000010100000100000000000000000000000000000000000000000000000000000000
0000000000000000000000000501000008010000000100000000000000000000000000000000000000000000000000000000
0000000000000000000000000501000000010000070100000000000000000000000000000000000000000000000000000000
0000000000000000000000000000000000010000000100000000000000000000000000000000000000000000000000000000
0000000000000000000000000000000000010000000100000000000000000000000000000000000000000000000000000000
0000000000000000040404040404040404010000000100000000000000000000000000000000000000000000000000000000
0000000000000000010101010101010101010000000100000000000000000000000000000000000000000000000000000000
0000000000000000000000000000000000000000000900000000000000000000000000000000000000000000000000000000
0000000000000000000000000000000000000000001000000000000000000000000000000000000000000000000000000000
0000000000000000000000000000000000000000000100000000000000000000000000000000000000000000000000000000
0000000000000000000000000000000000000000000100000000000000000000000000000000000000000000000000000000
0000000000000000000000000000000000000000001700000000000000000000000000000000000000000000000000000000
0000000000000000000000000000000000000000001700000000000000000000000000000000000000000000000000000000
0000000000000000000000000000000000000000001700000000000000000000000000000000000000000000000000000000
0000000000000000000000000000000000000000000300000000000000000000000000000000000000000000000000000000
0000000000000000000000000000000000000000000300000000000000000000000000000000000000000000000000000000
0000000000000000000000000000000000000000000300000000000000000000000000000000000000000000000000000000
0000000000000000000000000000000000000000001600000000000000000000000000000000000000000000000000000000
0000000000000000000000000000000018181818180100000000000000000000000000000000000000000000000000000000
0000000000000000000000000000000001010101010100000000000000000000000000000000000000000000000000000000
0000000000000000000000000000000001000000000000000000000000000000000000000000000000000000000000000000
0000000000000000000000000000000001000000000000000000000000000000000000000000000000000000000000000000
0000000000000000000000000000000009000000000000000000000000000000000000000000000000000000000000000000
0000000000000000000000000000000010000000000000000000000000000000000000000000000000000000000000000000
0000000000000000000000000000000001000000000000000000000000000000000000000000000000000000000000000000
0000000000000000000000000000000001010101000000000000000000000000000000000000000000000000000000000000
0000000000000000000000000000000000000501000000000000000000000000000000000000000000000000000000000000
0000000000000000000000000000000000000501000000000000000000000000000000000000000000000000000000000000
0000000000000000000000000000000000170501000000000000000000000000000000000000000000000000000000000000
0000000000000000000000000000000000000501010000000000000000000000000000000000000000000000000000000000
0000000000000000000000000000000000000005010000000000000000000000000000000000000000000000000000000000
0000000000000000000000000000000000000005010000000000000000000000000000000000000000000000000000000000
0000000000000000000000000000000000001605010000000000000000000000000000000000000000000000000000000000
0000000000000000000000000000000000000005010000000000000000000000000000000000000000000000000000000000
0000000000000000000000000000000000000005010000000000000000000000000000000000000000000000000000000000
0000000000000000160000000000000000000000010000000000000000000000000000000000000000000000000000000000
0000000001010101010101010101000000000000010000000000000000000000000000000000000000000000000000000000
0000000001010101010101010101000000000000010000000000000000000000000000000000000000000000000000000000
0000000000000000000000000101010101010100010000000000000000000000000000000000000000000000000000000000
0000000000000000000000000101010101010100010000000000000000000000000000000000000000000000000000000000
0000000000000000000000001919191919191900010000000000000000000000000000000000000000000000000000000000
0000000000000000000000000000000000000000010000000000000000000000000000000000000000000000000000000000
0000000000000000000000000000000000000000010000000000000000000000000000000000000000000000000000000000
0000000000000000000000001818181818180404010000000000000000000000000000000000000000000000000000000000
0000000000000000000000000101010101010101010000000000000000000000000000000000000000000000000000000000
0000000000000000000000000101010101010101010000000000000000000000000000000000000000000000000000000000
0000000000000000000000000000010100000000000000000000000000000000000000000000000000000000000000000000
0000000000000000000000000000010100000000000000000000000000000000000000000000000000000000000000000000
0000000000000000000101000000010100000000000000000000000000000000000000000000000000000000000000000000
0000000000000000000101000000100100000000000000000000000000000000000000000000000000000000000000000000
0000000000000000000101000000100100000000000000000000000000000000000000000000000000000000000000000000
0000000000000000000101000000100100000000000000000000000000000000000000000000000000000000000000000000
0000000000000000000101000000100100000000000000000000000000000000000000000000000000000000000000000000
0000000000000000000101000000100100000000000000000000000000000000000000000000000000000000000000000000
0000000000000000080101000000100100000000000000000000000000000000000000000000000000000000000000000000
0000000000000000000101000000090100000000000000000000000000000000000000000000000000000000000000000000
0000000000000000000101000000100100000000000000000000000000000000000000000000000000000000000000000000
0000000000000000000101000000090100000000000000000000000000000000000000000000000000000000000000000000
0000000000000000000000000000100100000000000000000000000000000000000000000000000000000000000000000000
0000000000000000000000000000010100000000000000000000000000000000000000000000000000000000000000000000
0000000000000000000000000000010100000000000000000000000000000000000000000000000000000000000000000000
0000000000000000000000000000010100000000000000000000000000000000000000000000000000000000000000000000
0000000000000000000000000000010100000000000000000000000000000000000000000000000000000000000000000000
0000000000000000000000001704010100000000000000000000000000000000000000000000000000000000000000000000
0000000000000000000000000101010100000000000000000000000000000000000000000000000000000000000000000000
0000000000000000000000000101010100000000000000000000000000000000000000000000000000000000000000000000
0000000000000000000000000101010100000000000000000000000000000000000000000000000000000000000000000000
0000000000000000000000000101010000000000000000000000000000000000000000000000000000000000000000000000
0000000000000000000000000101010000000000000000000000000000000000000000000000000000000000000000000000
0000000000010100000000000101000000000000000000000000000000000000000000000000000000000000000000000000
0000000000010100000000000101000000000000000000000000000000000000000000000000000000000000000000000000
0000000000010100000000060100000000000000000000000000000000000000000000000000000000000000000000000000
0000000000010101010101010101000000000000000000000000000000000000000000000000000000000000000000000000
0000000000010101010101010101000000000000000000000000000000000000000000000000000000000000000000000000
0000000000010100000000000000000000000000000000000000000000000000000000000000000000000000000000000000
0000000000000000000000000000000000000000000000000000000000000000000000000000000000000000000000000000
0000000000000000000000000000000000000000000000000000000000000000000000000000000000000000000000000000
0000000000000000000000000000000000000000000000000000000000000000000000000000000000000000000000000000
0000000000000000000000000000000000000000000000000000000000000000000000000000000000000000000000000000
0000000000000000000000000000000000000000000000000000000000000000000000000000000000000000000000000000
0000000000000000000000000000000000000000000000000000000000000000000000000000000000000000000000000000
0000000000000000000000000000000000000000000000000000000000000000000000000000000000000000000000000000
0000000000000000000000000000000000000000000000000000000000000000000000000000000000000000000000000000
0000000000000000000000000000000000000000000000000000000000000000000000000000000000000000000000000000
0000000000000000000000000000000000000000000000000000000000000000000000000000000000000000000000000000
0000000000000000000000000000000000000000000000000000000000000000000000000000000000000000000000000000
0000000000000000000000000000000000000000000000000000000000000000000000000000000000000000000000000000
0000000000000000000000000000000000000000000000000000000000000000000000000000000000000000000000000000
0000000000000000000000000000000000000000000000000000000000000000000000000000000000000000000000000000
