00000000000000000000000000000000000000000000000000
00000000000000000000000000000000000000000000000000
00000000000000000000000000000000000000000000000000
00000000000000000000000000000000000000000000000000
00000000000000000000000000000000000000000000000000
00000000000000000000000000000000000000000000000000
00000000000000000000000000000000000000000000000000
00000000000000000000000000000000000000000000000000
00000000000000000000000000000000000000000000000000
00000000000000000000000000000000000000000000000000
00000000000000000000000000000000000000000000000000
00000000000000000000000000000000000000000000000000
00000000000000000000000000000000000000000000000000
00000000000000000000000000000000000000000000000000
00000000000000000000000000000000000000000000000000
00000000000000000000000000000000000000000000000000
00000000000000000000000000000000000000000000000000
00000000000000000000000000000000000000000000000000
00000000000000000000000000000000000000000000000000
00000000000000000000000000000000000000000000000000
00000000000000000000000000000000001000000000000000
00000000000000000000000000000000000000000000000000
00000000000000000000000000000000001000000000000000
00000000000000000000000000000000001000000000000000
00000000000000000000010000100000001000000000000000
00000000000000000000000000000000000000000000000000
00000000000000000000000010000000010000000000000000
00000000000000000000000000000100000000000000000000
00000000000000000000000010000000000000000000000000
00000000000000000000000010000000000000000000000000
00000000000000000000000001000000000000000000000000
00000000000000000000000001000000001000000000000000
00000000000000000000100001000000001000000000000000
00000000000000000000000001000000001000000000000000
00000000000000000000000001000000001000000000000000
00000000000000000000000001000001001000000000000000
00000000000000000000000001000000001000000000000000
00000000000000000000000001000000001000000000000000
00000000000000000000010000000000001000000000000000
00000000000000000000000001000015000100000000000000
00000000000000000000000000000000001000000000000000
00000000000000000000001001000000001000000000000000
00000000000000000000000001000020001000000000000000
00000000000000000000000001000000001000000000000000
00000000000000000000000101000000001000000000000000
00000000000000000000000001000001001000000000000000
00000000000000000000000000000000001000000000000000
00000000000000000000000000000000001000000000000000
00000000000000000000000010000010001000000000000000
00000000000000000000000000000000001000000000000000
00000000000000000000000010000000000000000000000000
00000000000000000000000000000010001000000000000000
00000000000000000000000000000000010000000000000000
00000000000000000000000000000011000000000000000000
00000000000000000000000000000000001011000000000000
00000000000000000000000000000000000000000000000000
00000000000000000000000000000000010000001000000000
00000000000000000000000000000000000000000000000000
00000000000000000000000000001100000011110000000000
00000000000000000000000000000000010011010000000000
00000000000000000000000000000000001001011100000000
00000000000000000000000000000000000001110100000000
00000000000000000000000000000100001001010000000000
00000000000000000000000000000000010001011000000000
00000000000000000000000000000000000011000000000000
00000000000000000000000000000000000010000000000000
00000000000000000000000000000000001100000000000000
00000000000000000000000000000010000000000000000000
00000000000000000000000000000001000100000000000000
00000000000000000000000000000000000000000000000000
00000000000000000000000000000000000000000000000000
00000000000000000000000000000000000001000000000000
00000000000000000000000000000000000000100000000000
00000000000000000000000000000000000000000000000000
00000000000000000000000000000000000000000000000000
00000000000000000000000000000000000000000000000000
00000000000000000000000000000000000000000000000000
00000000000000000000000000000000000000000000000000
00000000000000000000000000000000000000000000000000
00000000000000000000000000000000000000000000000000
00000000000000000000000000000000000000000000000000
00000000000000000000000000000000000000000000000000
00000000000000000000000000000000000000000000000000
00000000000000000000000000000000000000000000000000
00000000000000000000000000000000000000000000000000
00000000000000000000000000000000000000000000000000
00000000000000000000000000000000000000000000000000
00000000000000000000000000000000000000000000000000
00000000000000000000000000000000000000000000000000
00000000000000000000000000000000000000000000000000
00000000000000000000000000000000000000000000000000
00000000000000000000000000000000000000000000000000
00000000000000000000000000000000000000000000000000
00000000000000000000000000000000000000000000000000
00000000000000000000000000000000000000000000000000
00000000000000000000000000000000000000000000000000
00000000000000000000000000000000000000000000000000
00000000000000000000000000000000000000000000000000
00000000000000000000000000000000000000000000000000
00000000000000000000000000000000000000000000000000
